{
 "cells": [
  {
   "cell_type": "code",
   "execution_count": 1,
   "metadata": {
    "autoscroll": false,
    "collapsed": false,
    "ein.hycell": false,
    "ein.tags": "worksheet-0",
    "slideshow": {
     "slide_type": "-"
    }
   },
   "outputs": [
    {
     "data": {
      "text/plain": [
       "     sepal_len  sepal_wid  petal_len  petal_wid           class\n145        6.7        3.0        5.2        2.3  Iris-virginica\n146        6.3        2.5        5.0        1.9  Iris-virginica\n147        6.5        3.0        5.2        2.0  Iris-virginica\n148        6.2        3.4        5.4        2.3  Iris-virginica\n149        5.9        3.0        5.1        1.8  Iris-virginica"
      ]
     },
     "execution_count": 1,
     "metadata": {},
     "output_type": "execute_result"
    }
   ],
   "source": [
    "import pandas as pd\n",
    "df = pd.read_csv(\n",
    "    filepath_or_buffer='https://archive.ics.uci.edu/ml/machine-learning-databases/iris/iris.data', \n",
    "    header=None, \n",
    "    sep=',')\n",
    "\n",
    "df.columns=['sepal_len', 'sepal_wid', 'petal_len', 'petal_wid', 'class']\n",
    "df.dropna(how=\"all\", inplace=True) # drops the empty line at file-end\n",
    "\n",
    "df.tail()\n"
   ]
  },
  {
   "cell_type": "code",
   "execution_count": 4,
   "metadata": {
    "autoscroll": false,
    "collapsed": false,
    "ein.hycell": false,
    "ein.tags": "worksheet-0",
    "slideshow": {
     "slide_type": "-"
    }
   },
   "outputs": [],
   "source": [
    "X = df.iloc[:,0:4].values\n",
    "y = df.iloc[:,4].values\n",
    "\n",
    "from sklearn.preprocessing import StandardScaler\n",
    "X_std = StandardScaler().fit_transform(X)"
   ]
  },
  {
   "cell_type": "code",
   "execution_count": 10,
   "metadata": {
    "autoscroll": false,
    "collapsed": false,
    "ein.hycell": false,
    "ein.tags": "worksheet-0",
    "slideshow": {
     "slide_type": "-"
    }
   },
   "outputs": [
    {
     "data": {
      "text/plain": [
       "(150, 4)"
      ]
     },
     "execution_count": 10,
     "metadata": {},
     "output_type": "execute_result"
    }
   ],
   "source": [
    "X_std.shape"
   ]
  },
  {
   "cell_type": "code",
   "execution_count": 13,
   "metadata": {
    "autoscroll": false,
    "collapsed": false,
    "ein.hycell": false,
    "ein.tags": "worksheet-0",
    "slideshow": {
     "slide_type": "-"
    }
   },
   "outputs": [
    {
     "name": "stdout",
     "output_type": "stream",
     "text": [
      "Covariance matrix \n",
      "[[ 1.00671141 -0.11010327  0.87760486  0.82344326]\n",
      " [-0.11010327  1.00671141 -0.42333835 -0.358937  ]\n",
      " [ 0.87760486 -0.42333835  1.00671141  0.96921855]\n",
      " [ 0.82344326 -0.358937    0.96921855  1.00671141]]\n",
      "(4, 4)\n"
     ]
    }
   ],
   "source": [
    "import numpy as np\n",
    "mean_vec = np.mean(X_std, axis=0)\n",
    "cov_mat = (X_std - mean_vec).T.dot((X_std - mean_vec)) / (X_std.shape[0]-1)\n",
    "\n",
    "\n",
    "print('Covariance matrix \\n%s' %cov_mat)\n",
    "print(cov_mat.shape)"
   ]
  },
  {
   "cell_type": "code",
   "execution_count": 15,
   "metadata": {
    "autoscroll": false,
    "collapsed": false,
    "ein.hycell": false,
    "ein.tags": "worksheet-0",
    "slideshow": {
     "slide_type": "-"
    }
   },
   "outputs": [],
   "source": [
    "cov_mat = np.cov(X_std.T)\n",
    "eig_vals, eig_vecs = np.linalg.eig(cov_mat)\n"
   ]
  },
  {
   "cell_type": "code",
   "execution_count": 16,
   "metadata": {
    "autoscroll": false,
    "collapsed": false,
    "ein.hycell": false,
    "ein.tags": "worksheet-0",
    "slideshow": {
     "slide_type": "-"
    }
   },
   "outputs": [
    {
     "name": "stdout",
     "output_type": "stream",
     "text": [
      "Eigenvectors \n",
      "[[ 0.52237162 -0.37231836 -0.72101681  0.26199559]\n",
      " [-0.26335492 -0.92555649  0.24203288 -0.12413481]\n",
      " [ 0.58125401 -0.02109478  0.14089226 -0.80115427]\n",
      " [ 0.56561105 -0.06541577  0.6338014   0.52354627]]\n",
      "\n",
      "Eigenvalues \n",
      "[2.93035378 0.92740362 0.14834223 0.02074601]\n"
     ]
    },
    {
     "data": {
      "text/plain": [
       "array([[-0.52237162, -0.37231836,  0.72101681,  0.26199559],\n       [ 0.26335492, -0.92555649, -0.24203288, -0.12413481],\n       [-0.58125401, -0.02109478, -0.14089226, -0.80115427],\n       [-0.56561105, -0.06541577, -0.6338014 ,  0.52354627]])"
      ]
     },
     "execution_count": 16,
     "metadata": {},
     "output_type": "execute_result"
    }
   ],
   "source": [
    "print('Eigenvectors \\n%s' %eig_vecs)\n",
    "print('\\nEigenvalues \\n%s' %eig_vals)\n",
    "u,s,v = np.linalg.svd(X_std.T)\n",
    "u"
   ]
  },
  {
   "cell_type": "code",
   "execution_count": 8,
   "metadata": {
    "autoscroll": false,
    "collapsed": false,
    "ein.hycell": false,
    "ein.tags": "worksheet-0",
    "slideshow": {
     "slide_type": "-"
    }
   },
   "outputs": [
    {
     "name": "stdout",
     "output_type": "stream",
     "text": [
      "Eigenvalues in descending order:\n",
      "2.930353775589317\n",
      "0.9274036215173419\n",
      "0.14834222648163944\n",
      "0.02074601399559593\n"
     ]
    }
   ],
   "source": [
    "# Make a list of (eigenvalue, eigenvector) tuples\n",
    "eig_pairs = [(np.abs(eig_vals[i]), eig_vecs[:,i]) for i in range(len(eig_vals))]\n",
    "\n",
    "# Sort the (eigenvalue, eigenvector) tuples from high to low\n",
    "eig_pairs.sort()\n",
    "eig_pairs.reverse()\n",
    "\n",
    "# Visually confirm that the list is correctly sorted by decreasing eigenvalues\n",
    "print('Eigenvalues in descending order:')\n",
    "for i in eig_pairs:\n",
    "    print(i[0])"
   ]
  }
 ],
 "metadata": {
  "kernelspec": {
   "display_name": "Python 3",
   "name": "python3"
  },
  "name": "pca.ipynb"
 },
 "nbformat": 4,
 "nbformat_minor": 2
}
